1.125780638358483854e+00 5.184902158684098206e-01 -6.209915406229857271e-02 6.531800146245296187e-03 1.248651959697279379e+00 -1.485347837900649504e+00 -8.082994283217166398e-01
5.184902158684098206e-01 4.892647218811359000e-01 7.343861876662928501e-02 -8.738062767300959488e-02 5.144432291032408067e-01 -1.155171146172898844e+00 -1.247197557723954242e+00
-6.209915406229857271e-02 7.343861876662928501e-02 7.073735160423064272e+00 -5.231721843404832928e-01 -3.666370100580783331e-02 -4.877609011914742609e+00 -6.874447165552880712e+00
6.531800146245296187e-03 -8.738062767300959488e-02 -5.231721843404832928e-01 1.504530859574377821e+01 4.084032617735199877e-01 -1.052425421187945243e-01 -1.403467844496593209e+01
1.248651959697279379e+00 5.144432291032408067e-01 -3.666370100580783331e-02 4.084032617735199877e-01 2.997995922218754217e+01 9.587509974057550899e-02 -4.733209569582756515e+00
-1.485347837900649504e+00 -1.155171146172898844e+00 -4.877609011914742609e+00 -1.052425421187945243e-01 9.587509974057550899e-02 7.664114767379271598e+01 -8.640362899790787310e+00
-8.082994283217166398e-01 -1.247197557723954242e+00 -6.874447165552880712e+00 -1.403467844496593209e+01 -4.733209569582756515e+00 -8.640362899790787310e+00 6.044946650925426184e+02
